0 0 0 0 0 0 0 0 0 0 0 0
0.0269 -0.99956 0.012865 -0.37166 0.0049905 -0.012735 -0.99991 0.72404 0.99963 0.026961 0.0046457 -0.27874
0.049425 -0.99878 5.6537e-06 -0.40191 0.10937 0.0054067 -0.99399 0.68672 0.99277 0.049129 0.10951 0.50982
0.076312 -0.99701 -0.012133 -0.44044 0.24572 0.030598 -0.96886 0.64722 0.96633 0.070954 0.24732 1.3532
0.095599 -0.99537 -0.010082 -0.48189 0.27856 0.036475 -0.95973 0.60635 0.95565 0.088941 0.28076 2.2225
0.1102 -0.99391 -0.0017907 -0.52215 0.25255 0.029743 -0.96713 0.56624 0.96129 0.10612 0.25429 3.0859
0.12452 -0.99217 0.0093723 -0.56057 0.20279 0.016201 -0.97909 0.5302 0.97127 0.12381 0.20322 3.9383
0.13964 -0.98993 0.023229 -0.59701 0.13681 -0.0039462 -0.99059 0.49848 0.98071 0.1415 0.13488 4.7799
0.15375 -0.98733 0.039338 -0.63118 0.057434 -0.030814 -0.99787 0.47044 0.98644 0.15568 0.051968 5.6099
0.16229 -0.98517 0.055639 -0.66288 -0.025934 -0.060626 -0.99782 0.44597 0.9864 0.1605 -0.035389 6.4279
0.15976 -0.98474 0.069037 -0.69268 -0.098013 -0.085413 -0.99151 0.42534 0.98228 0.15164 -0.11016 7.2367
0.14338 -0.98664 0.077326 -0.72193 -0.147 -0.098498 -0.98422 0.40859 0.97869 0.12975 -0.15916 8.042
0.11496 -0.99011 0.080439 -0.75203 -0.17045 -0.099437 -0.98034 0.39555 0.97864 0.098991 -0.1802 8.8495
0.079251 -0.99364 0.079951 -0.7837 -0.17317 -0.092707 -0.98052 0.38601 0.9817 0.063862 -0.17941 9.6625
0.041065 -0.99612 0.077826 -0.81692 -0.16262 -0.083517 -0.98315 0.37971 0.98583 0.027717 -0.16542 10.482
0.0043601 -0.99715 0.075365 -0.85171 -0.14806 -0.075179 -0.98612 0.37718 0.98897 -0.0068587 -0.14796 11.304
-0.030885 -0.99676 0.074237 -0.88682 -0.12905 -0.069674 -0.98919 0.37747 0.99116 -0.040131 -0.12648 12.134
-0.06275 -0.99537 0.072822 -0.92328 -0.10822 -0.06575 -0.99195 0.37721 0.99215 -0.070125 -0.10359 12.971
-0.083869 -0.99416 0.067879 -0.96396 -0.049462 -0.063881 -0.99673 0.37425 0.99525 -0.086953 -0.043815 13.866
-0.10416 -0.99245 0.0648 -1.0052 -0.021736 -0.062868 -0.99779 0.36504 0.99432 -0.10534 -0.015023 14.753
-0.1255 -0.99017 0.061699 -1.0463 -0.01216 -0.060651 -0.99808 0.35091 0.99202 -0.12601 -0.0044289 15.636
-0.15412 -0.98631 0.058667 -1.0884 0.021394 -0.062694 -0.9978 0.33605 0.98782 -0.15252 0.030763 16.564
-0.17329 -0.9833 0.055624 -1.1317 0.024735 -0.060806 -0.99784 0.31922 0.98456 -0.17154 0.034859 17.475
-0.20318 -0.97769 0.053325 -1.1757 0.046148 -0.063962 -0.99688 0.3029 0.97805 -0.20009 0.058114 18.422
-0.21421 -0.97545 0.051165 -1.2196 0.036353 -0.060305 -0.99752 0.2831 0.97611 -0.21181 0.048379 19.346
-0.22095 -0.97394 0.051293 -1.2632 0.012368 -0.055387 -0.99839 0.25894 0.97521 -0.21996 0.024283 20.255
-0.23934 -0.96958 0.051203 -1.3099 0.018368 -0.057248 -0.99819 0.23131 0.97076 -0.23797 0.031511 21.203
-0.25151 -0.96646 0.051908 -1.3547 0.0020905 -0.054174 -0.99853 0.20209 0.96785 -0.25103 0.015645 22.132
-0.2591 -0.96443 0.052328 -1.3974 -0.021499 -0.048406 -0.9986 0.17418 0.96561 -0.25986 -0.008192 23.051
-0.28888 -0.95598 0.05146 -1.4409 -0.012076 -0.050109 -0.99867 0.14867 0.95729 -0.28912 0.0029307 24.011
-0.30644 -0.9505 0.051456 -1.483 -0.022492 -0.046812 -0.99865 0.12585 0.95162 -0.30719 -0.0070338 24.953
-0.34531 -0.9371 0.050972 -1.5259 -0.0071873 -0.051671 -0.99864 0.10423 0.93846 -0.3452 0.011107 25.934
-0.36489 -0.92965 0.050988 -1.5661 -0.015757 -0.04859 -0.99869 0.078025 0.93092 -0.36522 0.0030813 26.893
-0.37274 -0.92655 0.050605 -1.6045 -0.03344 -0.041087 -0.9986 0.044501 0.92733 -0.37391 -0.015669 27.842
-0.4056 -0.91272 0.04936 -1.6439 -0.019207 -0.045479 -0.99878 0.007378 0.91385 -0.40605 0.00091607 28.833
-0.41811 -0.90718 0.046995 -1.6813 -0.024536 -0.040438 -0.99888 -0.028479 0.90806 -0.4188 -0.0053509 29.803
-0.4198 -0.90649 0.045163 -1.7159 -0.037504 -0.032392 -0.99877 -0.057914 0.90684 -0.42098 -0.020399 30.759
-0.45604 -0.88887 0.04404 -1.7549 -0.019725 -0.039378 -0.99903 -0.080783 0.88974 -0.45647 0.00042436 31.756
-0.47608 -0.87832 0.043647 -1.7968 -0.019831 -0.038897 -0.99905 -0.1043 0.87918 -0.47649 0.0011 32.735
-0.49556 -0.86749 0.043394 -1.8411 -0.021679 -0.037591 -0.99906 -0.1351 0.8683 -0.49603 -0.000178 33.712
-0.38322 -0.92269 0.042217 -1.889 0.023816 -0.055562 -0.99817 -0.17737 0.92335 -0.38152 0.043267 34.764
-0.30899 -0.95013 0.042118 -1.9445 0.040069 -0.057251 -0.99756 -0.22419 0.95022 -0.30655 0.055761 35.802
-0.15494 -0.98697 0.043407 -1.9983 0.072189 -0.055131 -0.99587 -0.2721 0.98528 -0.15116 0.07979 36.883
-0.17623 -0.98327 0.046025 -2.0542 0.058331 -0.057107 -0.99666 -0.32163 0.98262 -0.17296 0.06742 37.928
-0.2551 -0.96554 0.05155 -2.1083 0.026686 -0.060324 -0.99782 -0.37101 0.96655 -0.25317 0.041155 38.949
-0.24864 -0.96711 0.053614 -2.1685 0.023347 -0.06132 -0.99785 -0.41598 0.96832 -0.24685 0.037826 40
-0.27594 -0.95955 0.055796 -2.226 -0.0040806 -0.05688 -0.99837 -0.45754 0.96117 -0.27572 0.01178 41.02
-0.26848 -0.96148 0.058865 -2.2809 -0.042021 -0.049361 -0.9979 -0.49194 0.96237 -0.27039 -0.02715 42.011
-0.28807 -0.95583 0.058275 -2.3383 -0.044697 -0.047367 -0.99788 -0.52578 0.95656 -0.29007 -0.029078 43.033
-0.25587 -0.96485 0.059988 -2.3913 -0.066332 -0.044385 -0.99681 -0.5623 0.96443 -0.25903 -0.052644 44.024
-0.19372 -0.97904 0.062806 -2.4418 -0.094274 -0.045145 -0.99452 -0.59846 0.97652 -0.19858 -0.083553 44.993
-0.28981 -0.95551 0.054914 -2.4965 -0.083563 -0.031896 -0.99599 -0.63724 0.95343 -0.29324 -0.070601 45.996
-0.31546 -0.94752 0.05188 -2.552 -0.089128 -0.024845 -0.99571 -0.66928 0.94474 -0.31873 -0.076613 46.971
-0.41575 -0.90856 0.040852 -2.6129 -0.065264 -0.014999 -0.99776 -0.69932 0.90714 -0.41748 -0.053061 47.975
-0.44809 -0.89317 0.038236 -2.6692 -0.063527 -0.010849 -0.99792 -0.73153 0.89173 -0.44958 -0.051879 48.951
-0.45798 -0.88813 0.038569 -2.7236 -0.071849 -0.0062634 -0.9974 -0.76823 0.88605 -0.45956 -0.060943 49.909
-0.49958 -0.86558 0.034582 -2.7805 -0.051121 -0.010393 -0.99864 -0.80571 0.86476 -0.50067 -0.039057 50.9
-0.51393 -0.85712 0.034943 -2.8352 -0.050718 -0.010303 -0.99866 -0.83707 0.85633 -0.51501 -0.038176 51.864
-0.52665 -0.84931 0.036159 -2.8878 -0.059246 -0.0057616 -0.99823 -0.8629 0.84802 -0.52786 -0.047284 52.809
-0.52408 -0.85078 0.03878 -2.9396 -0.041633 -0.019887 -0.99894 -0.88744 0.85065 -0.52514 -0.024998 53.788
-0.52578 -0.84964 0.040784 -2.991 -0.041615 -0.022195 -0.99889 -0.91178 0.8496 -0.5269 -0.023688 54.744
-0.50312 -0.86314 0.043103 -3.0427 -0.021586 -0.037309 -0.99907 -0.93813 0.86395 -0.50358 0.00013874 55.73
-0.51238 -0.85779 0.040787 -3.0981 -0.023491 -0.033478 -0.99916 -0.95822 0.85844 -0.51291 -0.0029971 56.687
-0.53852 -0.84179 0.037279 -3.1571 -0.035184 -0.021739 -0.99914 -0.9707 0.84188 -0.53937 -0.017911 57.62
-0.47098 -0.8811 0.042807 -3.2156 -0.022692 -0.036409 -0.99908 -0.9794 0.88185 -0.47152 -0.0028458 58.58
-0.46692 -0.88312 0.045605 -3.2706 -0.031015 -0.035186 -0.9989 -0.98385 0.88375 -0.46782 -0.010961 59.508
-0.4858 -0.87271 0.048683 -3.3217 -0.048936 -0.028454 -0.9984 -0.99202 0.8727 -0.48741 -0.028884 60.409
-0.424 -0.90404 0.054156 -3.3766 -0.038143 -0.041919 -0.99839 -1.0114 0.90486 -0.42538 -0.016709 61.335
-0.37255 -0.92622 0.057574 -3.4309 -0.045722 -0.043645 -0.998 -1.0371 0.92688 -0.37444 -0.026089 62.227
-0.29994 -0.95194 0.062004 -3.4847 -0.061834 -0.04546 -0.99705 -1.0621 0.95195 -0.30289 -0.045227 63.091
-0.26327 -0.96276 0.061579 -3.5389 -0.051618 -0.049681 -0.99743 -1.0875 0.96334 -0.26577 -0.036617 63.974
-0.19641 -0.97843 0.063968 -3.5941 -0.058996 -0.053328 -0.99683 -1.1119 0.97875 -0.19956 -0.04725 64.823
-0.18831 -0.98047 0.056697 -3.6511 -0.046661 -0.048733 -0.99772 -1.1397 0.981 -0.19053 -0.036573 65.686
-0.15125 -0.98695 0.055209 -3.7076 -0.055134 -0.047341 -0.99736 -1.1637 0.98696 -0.15389 -0.047254 66.514
-0.11492 -0.99182 0.055495 -3.7641 -0.073134 -0.047266 -0.9962 -1.1839 0.99068 -0.11855 -0.067105 67.314
-0.12825 -0.99065 0.046566 -3.8237 -0.065411 -0.038402 -0.99712 -1.2075 0.98958 -0.13093 -0.059874 68.129
-0.12694 -0.99103 0.04167 -3.8823 -0.072601 -0.032614 -0.99683 -1.229 0.98925 -0.12957 -0.06781 68.912
-0.12593 -0.99121 0.040539 -3.9369 -0.084458 -0.030004 -0.99598 -1.2475 0.98844 -0.12884 -0.079938 69.668
-0.14596 -0.98872 0.033618 -3.9949 -0.070878 -0.023443 -0.99721 -1.2664 0.98675 -0.14793 -0.066656 70.434
-0.15754 -0.98704 0.030398 -4.0502 -0.072471 -0.019144 -0.99719 -1.2821 0.98485 -0.1593 -0.068516 71.165
-0.1849 -0.98251 0.021959 -4.108 -0.056239 -0.011729 -0.99835 -1.3001 0.98115 -0.18583 -0.053086 71.901
-0.18062 -0.98332 0.0213 -4.1652 -0.060045 -0.010591 -0.99814 -1.3206 0.98172 -0.18156 -0.057131 72.599
-0.16581 -0.98591 0.02215 -4.2211 -0.072994 -0.010129 -0.99728 -1.3491 0.98345 -0.16697 -0.070286 73.263
-0.17547 -0.98435 0.016599 -4.2759 -0.065285 -0.0051897 -0.99785 -1.3843 0.98232 -0.17618 -0.063352 73.93
-0.18324 -0.98296 0.01448 -4.3254 -0.072791 -0.0011224 -0.99735 -1.411 0.98037 -0.1838 -0.071345 74.559
-0.18788 -0.98208 0.014494 -4.3703 -0.08595 0.0017391 -0.9963 -1.4326 0.97842 -0.18843 -0.084737 75.16
-0.25967 -0.9657 -0.0018767 -4.4187 -0.076323 0.02246 -0.99683 -1.4574 0.96268 -0.2587 -0.079537 75.767
-0.26349 -0.96466 -0.00046958 -4.4679 -0.081832 0.022837 -0.99638 -1.4836 0.96119 -0.2625 -0.084957 76.345
-0.23433 -0.97211 0.0089974 -4.516 -0.09433 0.013525 -0.99545 -1.512 0.96757 -0.23411 -0.094869 76.898
-0.21022 -0.97753 0.015865 -4.5581 -0.088989 0.0029724 -0.99603 -1.544 0.9736 -0.2108 -0.087614 77.46
-0.19904 -0.97976 0.021114 -4.59 -0.095318 -0.0020883 -0.99544 -1.5763 0.97535 -0.20014 -0.092973 77.996
-0.22858 -0.97338 0.016856 -4.6217 -0.089225 0.0037046 -0.996 -1.6101 0.96943 -0.22917 -0.087696 78.538
-0.20414 -0.97858 0.026465 -4.6495 -0.099873 -0.0060744 -0.99498 -1.6335 0.97383 -0.20576 -0.096494 79.052
-0.19842 -0.97969 0.028865 -4.6782 -0.118 -0.0053592 -0.993 -1.6512 0.97299 -0.20043 -0.11454 79.545
-0.23042 -0.97281 0.023393 -4.7017 -0.12316 0.005307 -0.99237 -1.6701 0.96527 -0.23154 -0.12103 80.043
-0.26939 -0.96281 0.0205 -4.711 -0.14088 0.018341 -0.98986 -1.6872 0.95267 -0.26954 -0.14058 80.519
-0.3665 -0.93032 0.01345 -4.71 -0.14993 0.044785 -0.98768 -1.708 0.91826 -0.364 -0.15589 80.999
-0.40684 -0.91324 0.021571 -4.6945 -0.17207 0.053422 -0.98364 -1.7266 0.89715 -0.40389 -0.17888 81.457
-0.42987 -0.90223 0.034545 -4.6672 -0.20001 0.057848 -0.97808 -1.7426 0.88046 -0.42736 -0.20532 81.9
-0.47264 -0.87974 0.051632 -4.6249 -0.21893 0.060461 -0.97387 -1.7582 0.85363 -0.47159 -0.22118 82.353
-0.49206 -0.86752 0.072791 -4.5664 -0.24671 0.058772 -0.9673 -1.7695 0.83487 -0.49393 -0.24295 82.79
-0.51609 -0.85135 0.094136 -4.4901 -0.27879 0.063042 -0.95828 -1.7798 0.8099 -0.5208 -0.26988 83.212
-0.5643 -0.81663 0.12114 -4.3911 -0.30456 0.069533 -0.94995 -1.7921 0.76734 -0.57296 -0.28795 83.641
-0.61762 -0.77226 0.14887 -4.2728 -0.33818 0.089879 -0.93678 -1.802 0.71005 -0.62892 -0.31667 84.049
-0.69288 -0.69653 0.18645 -4.1297 -0.36903 0.1204 -0.92158 -1.8111 0.61946 -0.70735 -0.34047 84.46
-0.75124 -0.62088 0.22394 -3.9662 -0.40135 0.16036 -0.90178 -1.8157 0.52398 -0.76733 -0.36966 84.847
-0.80019 -0.54044 0.26006 -3.7837 -0.42713 0.20912 -0.87968 -1.8186 0.42103 -0.81498 -0.39817 85.211
-0.85389 -0.41897 0.30876 -3.5732 -0.4409 0.26708 -0.8569 -1.825 0.27655 -0.86783 -0.41278 85.571
-0.88453 -0.31205 0.34675 -3.3464 -0.44166 0.32095 -0.83781 -1.8345 0.15015 -0.89421 -0.42171 85.904
-0.90078 -0.1917 0.38968 -3.0958 -0.43402 0.36626 -0.82309 -1.8464 0.015064 -0.91055 -0.41312 86.23
-0.90291 -0.11231 0.41489 -2.8303 -0.42387 0.39272 -0.81615 -1.8556 -0.071268 -0.91278 -0.4022 86.531
-0.90374 -0.064016 0.42326 -2.5513 -0.41135 0.40351 -0.81729 -1.8624 -0.11847 -0.91273 -0.391 86.812
-0.90162 -0.021955 0.43197 -2.2439 -0.40303 0.40513 -0.82063 -1.8676 -0.15699 -0.914 -0.37412 87.083
-0.9102 -0.027633 0.41324 -1.9289 -0.39032 0.3909 -0.83358 -1.8739 -0.1385 -0.92002 -0.36658 87.328
-0.92042 -0.086082 0.38134 -1.5937 -0.38622 0.35132 -0.85288 -1.8799 -0.060556 -0.93229 -0.35661 87.559
-0.91339 -0.26464 0.30931 -1.2595 -0.37791 0.26884 -0.88595 -1.8864 0.1513 -0.92611 -0.34557 87.769
-0.82464 -0.52376 0.21363 -0.92598 -0.34752 0.17112 -0.92192 -1.8944 0.44631 -0.8345 -0.32314 87.963
-0.66937 -0.72924 0.14196 -0.57334 -0.31579 0.10632 -0.94285 -1.9027 0.67247 -0.67595 -0.30145 88.137
-0.46499 -0.88182 0.078646 -0.22056 -0.28827 0.066816 -0.95521 -1.9123 0.83707 -0.46683 -0.28527 88.285
-0.27085 -0.96213 0.030732 0.12933 -0.27528 0.046821 -0.96022 -1.9196 0.92242 -0.26853 -0.27753 88.407
-0.12907 -0.99154 0.013918 0.49664 -0.27084 0.021745 -0.96238 -1.923 0.95393 -0.12798 -0.27135 88.522
0.048044 -0.99884 0.002276 0.86228 -0.25031 -0.014245 -0.96806 -1.9297 0.96697 0.04594 -0.2507 88.634
0.20992 -0.97769 -0.0078641 1.2352 -0.22818 -0.041167 -0.97275 -1.9411 0.95072 0.20599 -0.23173 88.738
0.36536 -0.93087 -0.0022556 1.641 -0.19921 -0.075822 -0.97702 -1.9528 0.9093 0.35741 -0.21314 88.835
0.4519 -0.892 -0.011174 2.0478 -0.18903 -0.083508 -0.97841 -1.961 0.87181 0.44426 -0.20635 88.917
0.51068 -0.85954 -0.020172 2.4602 -0.1853 -0.087122 -0.97881 -1.9573 0.83957 0.5036 -0.20376 88.988
0.61727 -0.78671 -0.0084149 2.9011 -0.15696 -0.11266 -0.98116 -1.9507 0.77093 0.60696 -0.19302 89.057
0.69846 -0.71563 -0.0045703 3.3455 -0.13334 -0.12386 -0.9833 -1.9594 0.70312 0.6874 -0.18194 89.122
0.76008 -0.64981 -0.0050821 3.7984 -0.11535 -0.12722 -0.98514 -1.9815 0.63951 0.74937 -0.17165 89.181
0.83518 -0.5499 0.0089943 4.2857 -0.080144 -0.13787 -0.9872 -2.0041 0.5441 0.82377 -0.15922 89.234
0.87359 -0.4866 0.0077958 4.7737 -0.067801 -0.13755 -0.98817 -2.0242 0.48191 0.86273 -0.15316 89.278
0.91187 -0.41008 0.017932 5.2918 -0.043982 -0.14105 -0.98903 -2.04 0.40811 0.90108 -0.14665 89.314
0.9365 -0.35035 0.015027 5.8106 -0.03624 -0.13932 -0.98958 -2.0553 0.34879 0.9262 -0.14317 89.343
0.95612 -0.29288 0.0071375 6.3346 -0.034288 -0.13607 -0.99011 -2.0711 0.29095 0.94642 -0.14014 89.368
0.97434 -0.22431 0.01839 6.8948 -0.012492 -0.13548 -0.9907 -2.0856 0.22472 0.96505 -0.13481 89.389
0.98674 -0.1613 0.018067 7.4592 -0.0033411 -0.13148 -0.99131 -2.0996 0.16227 0.97811 -0.13027 89.408
0.99469 -0.1022 0.01234 8.0323 -0.00066516 -0.12625 -0.992 -2.1133 0.10294 0.98672 -0.12565 89.425
0.99898 -0.035279 0.02834 8.6482 0.023963 -0.11885 -0.99262 -2.1265 0.038387 0.99229 -0.11788 89.44
0.99893 0.034353 0.031122 9.2677 0.034761 -0.11097 -0.99322 -2.1409 -0.030666 0.99323 -0.11204 89.448
0.99408 0.1052 0.027224 9.895 0.038038 -0.1022 -0.99404 -2.1563 -0.10179 0.98919 -0.1056 89.456
0.98173 0.18514 0.04397 10.565 0.061204 -0.088423 -0.9942 -2.1693 -0.18018 0.97873 -0.098138 89.459
0.96343 0.26401 0.045894 11.237 0.067965 -0.075075 -0.99486 -2.1834 -0.25921 0.96159 -0.090273 89.459
0.93502 0.3488 0.063855 11.947 0.088405 -0.054909 -0.99457 -2.1951 -0.3434 0.93559 -0.082176 89.457
0.90535 0.41999 0.062801 12.657 0.088895 -0.04283 -0.99512 -2.2086 -0.41525 0.90652 -0.076111 89.456
0.88274 0.46711 0.050685 13.369 0.079261 -0.041716 -0.99598 -2.2237 -0.46312 0.88321 -0.073849 89.456
0.84093 0.53756 0.062122 14.126 0.087346 -0.021547 -0.99594 -2.2382 -0.53404 0.84295 -0.065073 89.46
0.82539 0.56226 0.050986 14.879 0.07797 -0.024079 -0.99666 -2.257 -0.55916 0.82661 -0.063714 89.47
0.8309 0.55559 0.030203 15.633 0.063234 -0.04036 -0.99718 -2.2782 -0.55281 0.83047 -0.068668 89.485
0.79427 0.60617 0.041164 16.432 0.067986 -0.021348 -0.99746 -2.2972 -0.60375 0.79505 -0.058167 89.51
0.79205 0.60965 0.031235 17.222 0.062155 -0.029639 -0.99763 -2.3174 -0.60728 0.79211 -0.061369 89.54
0.7337 0.67784 0.04705 18.048 0.068521 -0.0049207 -0.99764 -2.3362 -0.676 0.73519 -0.050057 89.577
0.72943 0.68314 0.03524 18.855 0.064228 -0.017109 -0.99779 -2.3568 -0.68103 0.73008 -0.056357 89.617
0.74808 0.66346 0.014069 19.652 0.056422 -0.042466 -0.9975 -2.3777 -0.6612 0.74701 -0.069202 89.66
0.67122 0.74082 0.025457 20.485 0.061731 -0.021641 -0.99786 -2.4011 -0.73868 0.67135 -0.060258 89.708
0.64211 0.76647 0.014771 21.297 0.060187 -0.031194 -0.9977 -2.4336 -0.76425 0.64152 -0.066162 89.752
0.62124 0.78362 -0.0023758 22.095 0.057678 -0.048749 -0.99714 -2.4702 -0.7815 0.61933 -0.075482 89.794
0.52612 0.85035 0.010615 22.926 0.070849 -0.03139 -0.99699 -2.506 -0.84746 0.52529 -0.07676 89.839
0.48275 0.87575 0.0040505 23.737 0.078685 -0.038767 -0.99615 -2.5413 -0.87222 0.48121 -0.087623 89.879
0.45611 0.88986 -0.010096 24.534 0.085143 -0.054929 -0.99485 -2.5757 -0.88584 0.45291 -0.10082 89.915
0.36652 0.93041 0.0014384 25.364 0.10104 -0.038268 -0.99415 -2.6089 -0.92491 0.36452 -0.10804 89.954
0.31024 0.95063 -0.0073874 26.173 0.10678 -0.042567 -0.99337 -2.6407 -0.94464 0.3074 -0.11471 89.99
0.22146 0.97517 0.0024564 27.007 0.11359 -0.023295 -0.99325 -2.6738 -0.96853 0.22024 -0.11593 90.029
0.14863 0.98885 -0.0095195 27.817 0.11299 -0.026545 -0.99324 -2.7076 -0.98242 0.14655 -0.11568 90.065
0.06231 0.9976 -0.030172 28.61 0.11124 -0.036984 -0.99311 -2.7416 -0.99184 0.058525 -0.11328 90.099
-0.020324 0.99957 -0.021206 29.432 0.1107 -0.01883 -0.99368 -2.7759 -0.99365 -0.022543 -0.11027 90.13
-0.10761 0.99377 -0.028901 30.232 0.1116 -0.016811 -0.99361 -2.8066 -0.98791 -0.11015 -0.1091 90.157
-0.19306 0.98026 -0.042709 31.017 0.11546 -0.020529 -0.9931 -2.8333 -0.97437 -0.19666 -0.10922 90.178
-0.25724 0.96601 -0.025612 31.83 0.11482 0.0042384 -0.99338 -2.86 -0.9595 -0.25848 -0.112 90.191
-0.3208 0.94683 -0.024543 32.623 0.11784 0.014188 -0.99293 -2.8882 -0.93979 -0.32143 -0.11612 90.195
-0.38068 0.9247 -0.0025421 33.441 0.11301 0.043793 -0.99263 -2.9185 -0.91778 -0.37816 -0.12117 90.19
-0.43211 0.90182 -0.0018702 34.236 0.11519 0.053138 -0.99192 -2.946 -0.89443 -0.42884 -0.12684 90.176
-0.47446 0.8802 -0.011884 35.013 0.12308 0.052962 -0.99098 -2.9708 -0.87163 -0.47164 -0.13346 90.152
-0.52593 0.85053 -0.00013672 35.814 0.12077 0.074518 -0.98988 -2.9956 -0.84191 -0.52062 -0.14191 90.119
-0.56771 0.82319 -0.0077224 36.593 0.12684 0.0782 -0.98884 -3.0185 -0.8134 -0.56236 -0.14881 90.077
-0.60441 0.79626 -0.025671 37.351 0.13862 0.073383 -0.98762 -3.04 -0.78452 -0.60049 -0.15473 90.028
-0.65343 0.75663 -0.023332 38.132 0.13869 0.089356 -0.9863 -3.0633 -0.74418 -0.64771 -0.16332 89.968
-0.69051 0.72223 -0.039642 38.886 0.14918 0.088573 -0.98484 -3.0866 -0.70777 -0.68595 -0.1689 89.901
-0.73255 0.67953 -0.040204 39.656 0.14756 0.10086 -0.9839 -3.1107 -0.66453 -0.72669 -0.17416 89.826
-0.7646 0.64152 -0.061883 40.397 0.15987 0.095768 -0.98248 -3.1341 -0.62436 -0.7611 -0.17579 89.744
-0.79543 0.59871 -0.094017 41.113 0.17942 0.084466 -0.98014 -3.1573 -0.57888 -0.7965 -0.17461 89.658
-0.82051 0.56208 -0.10411 41.845 0.1842 0.087556 -0.97898 -3.1831 -0.54115 -0.82244 -0.17538 89.563
-0.84465 0.51899 -0.13122 42.551 0.20052 0.079448 -0.97646 -3.2068 -0.49635 -0.85108 -0.17117 89.467
-0.86552 0.47225 -0.1669 43.236 0.22305 0.065051 -0.97263 -3.2275 -0.44847 -0.87906 -0.16164 89.37
-0.8616 0.47503 -0.17889 43.936 0.23088 0.052885 -0.97154 -3.2485 -0.45205 -0.87838 -0.15524 89.27
-0.86131 0.46245 -0.21044 44.606 0.25302 0.031226 -0.96696 -3.2671 -0.4406 -0.8861 -0.1439 89.174
-0.85826 0.44658 -0.2529 45.248 0.28492 0.004752 -0.95854 -3.2838 -0.42686 -0.89473 -0.13132 89.083
-0.83445 0.4773 -0.27546 45.896 0.30314 -0.019866 -0.95274 -3.3022 -0.46022 -0.87851 -0.12811 88.992
-0.80747 0.49886 -0.31487 46.511 0.33453 -0.052407 -0.94093 -3.3186 -0.48589 -0.8651 -0.12457 88.908
-0.7625 0.55038 -0.34011 47.125 0.35389 -0.085289 -0.93139 -3.3372 -0.54163 -0.83055 -0.12974 88.83
-0.71042 0.59157 -0.38126 47.701 0.38538 -0.1263 -0.91407 -3.3545 -0.58889 -0.7963 -0.13825 88.76
-0.64559 0.63366 -0.42626 48.244 0.4178 -0.17417 -0.89169 -3.3708 -0.63927 -0.75375 -0.1523 88.698
-0.56913 0.68844 -0.4496 48.783 0.43123 -0.21566 -0.87609 -3.389 -0.70009 -0.69249 -0.17414 88.647
-0.49557 0.72819 -0.47344 49.293 0.44346 -0.25656 -0.85879 -3.4053 -0.74683 -0.63554 -0.19578 88.606
-0.43039 0.7583 -0.48964 49.784 0.44845 -0.29113 -0.84506 -3.4226 -0.78336 -0.58329 -0.21476 88.572
-0.29324 0.83125 -0.47227 50.285 0.41745 -0.33308 -0.84546 -3.4464 -0.86008 -0.44507 -0.24933 88.548
-0.11455 0.8892 -0.44295 50.774 0.37657 -0.37375 -0.84765 -3.4737 -0.91928 -0.2639 -0.29203 88.534
0.13487 0.9104 -0.39113 51.257 0.31892 -0.41362 -0.85277 -3.5067 -0.93814 -0.0097283 -0.34613 88.535
0.53531 0.79938 -0.27282 51.756 0.21784 -0.44272 -0.8698 -3.5499 -0.81608 0.40618 -0.41113 88.566
0.8384 0.53497 -0.10433 52.251 0.16436 -0.43065 -0.88743 -3.5946 -0.51968 0.72687 -0.44899 88.617
0.96152 0.25915 0.091176 52.747 0.19315 -0.40172 -0.89516 -3.634 -0.19535 0.87833 -0.43632 88.687
0.95406 0.059154 0.29373 53.264 0.29447 -0.36627 -0.88268 -3.6639 0.055373 0.92862 -0.36687 88.786
0.88768 -0.063302 0.45609 53.771 0.41246 -0.33101 -0.84871 -3.684 0.2047 0.9415 -0.26772 88.904
0.80397 -0.14726 0.57614 54.264 0.52358 -0.28404 -0.80323 -3.6987 0.28194 0.94743 -0.15126 89.048
0.72794 -0.18938 0.65896 54.76 0.62939 -0.19664 -0.75179 -3.7043 0.27196 0.96201 -0.023953 89.234
0.66683 -0.24345 0.70432 55.23 0.70143 -0.11415 -0.70354 -3.7101 0.25168 0.96317 0.094651 89.456
0.60437 -0.31591 0.73139 55.687 0.75798 -0.054705 -0.64997 -3.713 0.24535 0.94721 0.2064 89.723
0.5231 -0.41848 0.74246 56.114 0.80345 -0.048481 -0.5934 -3.7201 0.28432 0.90693 0.31086 90.019
0.46181 -0.51368 0.72309 56.509 0.83726 -0.016649 -0.54656 -3.7235 0.29279 0.85782 0.42239 90.348
0.4552 -0.58437 0.67179 56.879 0.85399 0.073008 -0.51515 -3.7202 0.25199 0.80819 0.53228 90.719
0.48732 -0.63361 0.60089 57.206 0.84839 0.1806 -0.49761 -3.7172 0.20677 0.75228 0.62555 91.114
0.5284 -0.66577 0.52683 57.489 0.8295 0.27261 -0.48746 -3.7184 0.18091 0.69458 0.6963 91.523
0.54838 -0.69417 0.46627 57.742 0.81642 0.32379 -0.47813 -3.7263 0.18093 0.64287 0.7443 91.952
0.56054 -0.71876 0.41131 57.961 0.80535 0.35744 -0.47292 -3.737 0.1929 0.59634 0.77921 92.387
0.59546 -0.72247 0.35137 58.145 0.77726 0.40746 -0.47942 -3.7492 0.2032 0.55858 0.80417 92.827
0.64381 -0.70479 0.29795 58.306 0.73495 0.4612 -0.49714 -3.7649 0.21297 0.53904 0.81491 93.28
0.70817 -0.65998 0.25085 58.439 0.67181 0.52058 -0.52694 -3.7821 0.21718 0.54168 0.81204 93.732
0.83511 -0.51528 0.19256 58.551 0.52147 0.63014 -0.57532 -3.7982 0.17511 0.58086 0.79494 94.192
0.97461 -0.18847 0.1209 58.637 0.22148 0.73205 -0.64424 -3.8258 0.032912 0.65466 0.75521 94.644
0.98742 0.019496 0.15692 58.738 0.10514 0.66025 -0.74365 -3.8919 -0.1181 0.75079 0.6499 95.058
0.95627 0.0064647 0.29242 58.88 0.24941 0.50426 -0.82675 -3.9623 -0.1528 0.86353 0.4806 95.442
0.91991 0.077347 0.38443 59.006 0.32888 0.38172 -0.86378 -4.0185 -0.21356 0.92104 0.32571 95.808
0.87685 0.1376 0.46066 59.136 0.40287 0.31262 -0.86021 -4.0462 -0.26237 0.93986 0.21868 96.196
0.83127 0.19958 0.51881 59.26 0.45405 0.29462 -0.84085 -4.0552 -0.32066 0.93454 0.15429 96.598
0.78908 0.23871 0.56602 59.388 0.48093 0.3332 -0.81098 -4.0488 -0.38218 0.91214 0.14812 97.05
0.7438 0.29497 0.59979 59.512 0.46839 0.41015 -0.78256 -4.0409 -0.47683 0.863 0.16691 97.524
0.69438 0.35891 0.62372 59.633 0.41944 0.50242 -0.75607 -4.0311 -0.58473 0.78661 0.19833 98.023
0.65036 0.40527 0.64249 59.756 0.34423 0.59674 -0.72485 -4.0139 -0.67716 0.69258 0.24859 98.573
0.60499 0.45523 0.65326 59.879 0.26638 0.65744 -0.70485 -4.0062 -0.75035 0.60044 0.27648 99.137
0.56994 0.49608 0.65504 60.004 0.2153 0.67917 -0.70169 -4.0121 -0.79297 0.54096 0.28028 99.714
0.56462 0.50997 0.64895 60.134 0.19342 0.68262 -0.70471 -4.0266 -0.80236 0.52342 0.28678 100.33
0.56826 0.51084 0.64507 60.267 0.2133 0.6657 -0.71508 -4.0526 -0.79472 0.54395 0.26933 100.93
0.59292 0.48139 0.64553 60.413 0.25648 0.647 -0.71806 -4.0794 -0.76333 0.59132 0.26015 101.57
0.6246 0.43414 0.64915 60.566 0.33098 0.60572 -0.72357 -4.1046 -0.70734 0.6668 0.23464 102.19
0.66339 0.36212 0.65481 60.726 0.42197 0.54162 -0.72704 -4.1251 -0.61794 0.75862 0.2065 102.8
0.71142 0.23832 0.66112 60.899 0.51658 0.46048 -0.72187 -4.1401 -0.47647 0.85508 0.20448 103.45
0.74226 0.08219 0.66505 61.08 0.60794 0.33488 -0.71991 -4.1523 -0.28188 0.93867 0.1986 104.08
0.73814 -0.12801 0.66239 61.267 0.67462 0.14857 -0.72305 -4.1628 -0.0058519 0.98058 0.19603 104.71
0.65473 -0.38537 0.65025 61.463 0.69009 -0.046225 -0.72224 -4.1741 0.30839 0.9216 0.23568 105.38
0.48458 -0.61428 0.62277 61.666 0.65116 -0.22209 -0.72572 -4.1894 0.5841 0.75719 0.29237 106.04
0.28168 -0.78181 0.55626 61.871 0.61622 -0.29698 -0.72944 -4.198 0.73548 0.54825 0.39811 106.74
0.060716 -0.88579 0.4601 62.073 0.57364 -0.34626 -0.74232 -4.2028 0.81686 0.309 0.4871 107.44
-0.14717 -0.93026 0.33609 62.268 0.5417 -0.36011 -0.75953 -4.1938 0.82759 0.070284 0.55692 108.14
-0.30633 -0.93292 0.18928 62.466 0.54456 -0.33483 -0.76899 -4.1655 0.78078 -0.13249 0.6106 108.88
-0.46418 -0.88469 0.04304 62.672 0.52836 -0.31557 -0.7882 -4.1431 0.7109 -0.34313 0.61392 109.61
-0.59095 -0.8006 -0.099047 62.878 0.51379 -0.27887 -0.81132 -4.1291 0.62193 -0.53034 0.57614 110.35
-0.6937 -0.68828 -0.21227 63.098 0.50525 -0.25495 -0.82445 -4.1243 0.51333 -0.67917 0.52461 111.14
-0.76713 -0.56044 -0.3121 63.31 0.49719 -0.21203 -0.84133 -4.1333 0.40535 -0.80059 0.4413 111.92
-0.82163 -0.41629 -0.38938 63.515 0.49142 -0.17119 -0.85393 -4.1516 0.28883 -0.89297 0.34523 112.72
-0.86222 -0.26092 -0.43416 63.727 0.48501 -0.17809 -0.85618 -4.1749 0.14607 -0.94879 0.2801 113.57
-0.87158 -0.11343 -0.47695 63.919 0.48954 -0.14881 -0.85919 -4.2007 0.026482 -0.98234 0.18523 114.41
-0.86701 0.028861 -0.49746 64.109 0.48917 -0.14095 -0.86073 -4.2357 -0.094961 -0.9896 0.10809 115.3
-0.84549 0.1542 -0.51124 64.276 0.50323 -0.090146 -0.85944 -4.2676 -0.17861 -0.98392 -0.0013801 116.15
-0.82228 0.26269 -0.50482 64.432 0.5183 -0.020579 -0.85495 -4.2998 -0.23497 -0.96466 -0.11923 116.99
-0.79943 0.36935 -0.4738 64.591 0.51567 0.01728 -0.85661 -4.3481 -0.3082 -0.92913 -0.20428 117.87
-0.78823 0.43972 -0.43052 64.74 0.51949 0.10042 -0.84855 -4.3972 -0.32989 -0.8925 -0.30759 118.7
-0.80473 0.46132 -0.37361 64.888 0.50994 0.21498 -0.83292 -4.4499 -0.30392 -0.86079 -0.40825 119.52
-0.86819 0.39072 -0.30593 65.056 0.44724 0.34898 -0.82352 -4.5144 -0.215 -0.85179 -0.47772 120.36
-0.93782 0.24076 -0.25004 65.228 0.34023 0.49496 -0.79953 -4.5754 -0.068743 -0.83489 -0.5461 121.18
-0.97834 0.053775 -0.19988 65.427 0.19403 0.57451 -0.79517 -4.6541 0.072073 -0.81673 -0.5725 122.01
-0.9855 -0.016765 -0.16885 65.632 0.12574 0.59596 -0.79311 -4.7351 0.11392 -0.80284 -0.58521 122.83
-0.98664 0.056448 -0.1528 65.842 0.15653 0.58826 -0.79338 -4.8141 0.045101 -0.8067 -0.58923 123.64
-0.95795 0.24936 -0.14194 66.058 0.25772 0.53038 -0.80764 -4.8959 -0.12611 -0.81026 -0.57234 124.48
-0.88435 0.44499 -0.1411 66.267 0.36316 0.46586 -0.8069 -4.9681 -0.29333 -0.76483 -0.57359 125.29
-0.76318 0.63082 -0.1401 66.468 0.46391 0.38394 -0.79836 -5.0314 -0.44984 -0.67428 -0.58565 126.1
-0.56719 0.81447 -0.1222 66.673 0.54172 0.25718 -0.80025 -5.0899 -0.62036 -0.52009 -0.58708 126.92
-0.39682 0.91349 -0.089819 66.872 0.59012 0.17894 -0.78724 -5.1296 -0.70306 -0.36539 -0.61007 127.73
-0.21376 0.97627 -0.034709 67.069 0.62446 0.10923 -0.77338 -5.1579 -0.75124 -0.18699 -0.63299 128.51
0.15305 0.98697 0.049738 67.277 0.60874 -0.054507 -0.7915 -5.2037 -0.77847 0.15141 -0.60915 129.31
0.59638 0.78813 0.15225 67.483 0.52838 -0.24266 -0.81359 -5.2576 -0.60427 0.56565 -0.56115 130.11
0.8883 0.37137 0.27019 67.698 0.40437 -0.35353 -0.8435 -5.302 -0.21773 0.85854 -0.46422 130.95
0.889 0.22838 0.39689 67.942 0.45382 -0.32381 -0.83018 -5.2789 -0.061077 0.91815 -0.3915 131.74
0.85638 0.1545 0.49268 68.192 0.51633 -0.26067 -0.81575 -5.2264 0.0023969 0.95298 -0.30301 132.51
0.83388 0.021567 0.55153 68.455 0.546 -0.17853 -0.81854 -5.1766 0.08081 0.9837 -0.16065 133.32
0.80582 -0.23679 0.54275 68.697 0.51597 -0.16897 -0.83978 -5.161 0.29056 0.95676 -0.01398 134.12
0.70403 -0.51466 0.48935 68.918 0.47233 -0.17523 -0.86383 -5.1622 0.53033 0.8393 0.11972 134.92
0.5005 -0.76028 0.41409 69.133 0.45676 -0.17442 -0.87232 -5.1553 0.73544 0.62574 0.25997 135.74
0.21673 -0.92196 0.32098 69.346 0.43024 -0.20493 -0.87914 -5.1517 0.87631 0.32863 0.35225 136.54
-0.032433 -0.97537 0.21818 69.561 0.43856 -0.21005 -0.87381 -5.144 0.89812 0.067347 0.43457 137.37
-0.295 -0.94975 0.10461 69.771 0.41871 -0.22691 -0.87932 -5.1456 0.85887 -0.2156 0.46461 138.19
-0.58823 -0.80844 -0.020113 69.981 0.37598 -0.25138 -0.89188 -5.1609 0.71598 -0.5322 0.45182 138.99
-0.80408 -0.57743 -0.14152 70.191 0.35652 -0.27784 -0.89202 -5.1768 0.47576 -0.76771 0.42928 139.83
-0.94754 -0.19184 -0.25565 70.395 0.30548 -0.30827 -0.90092 -5.199 0.094028 -0.93176 0.3507 140.65
-0.89101 0.28661 -0.35206 70.587 0.24916 -0.33953 -0.90699 -5.2201 -0.37949 -0.89586 0.23111 141.46
-0.59106 0.69507 -0.4093 70.762 0.17393 -0.38566 -0.9061 -5.2376 -0.78765 -0.60675 0.10705 142.31
-0.065365 0.90891 -0.41184 70.915 0.083393 -0.4063 -0.90993 -5.2582 -0.99437 -0.093822 -0.049239 143.14
0.38039 0.84907 -0.36658 71.03 0.04709 -0.41364 -0.90922 -5.2784 -0.92363 0.3286 -0.19733 143.94
0.63732 0.71841 -0.27875 71.124 0.044941 -0.39577 -0.91725 -5.3072 -0.76928 0.57206 -0.28452 144.75
0.77256 0.61228 -0.16809 71.211 0.098868 -0.37752 -0.92071 -5.3306 -0.62719 0.69469 -0.35219 145.52
0.87602 0.48065 -0.039433 71.308 0.13966 -0.3311 -0.9332 -5.3555 -0.4616 0.812 -0.35717 146.3
0.92486 0.36995 0.08819 71.411 0.20554 -0.2911 -0.93435 -5.3699 -0.31999 0.88227 -0.34526 147.04
0.97152 0.10715 0.21134 71.521 0.23332 -0.27714 -0.93207 -5.3857 -0.041298 0.95484 -0.29425 147.78
0.88859 -0.32995 0.31865 71.64 0.22859 -0.28375 -0.93125 -5.4133 0.39769 0.90034 -0.17671 148.55
0.69521 -0.59842 0.39822 71.792 0.26133 -0.30568 -0.91557 -5.4471 0.66962 0.74058 -0.056124 149.3
0.46804 -0.77279 0.42865 71.958 0.28417 -0.32768 -0.90104 -5.4915 0.83677 0.54353 0.066237 150.06
0.19732 -0.89022 0.41059 72.129 0.3157 -0.33881 -0.88631 -5.5309 0.92812 0.3045 0.21419 150.86
-0.16665 -0.92195 0.34962 72.305 0.29064 -0.38476 -0.87606 -5.5711 0.94221 -0.04438 0.33208 151.65
-0.48822 -0.83799 0.24375 72.478 0.26927 -0.41032 -0.87128 -5.6099 0.83014 -0.35974 0.42597 152.45
-0.63214 -0.76827 0.1008 72.638 0.3367 -0.38951 -0.85727 -5.6361 0.69788 -0.50797 0.5049 153.31
-0.71768 -0.69355 -0.062625 72.765 0.39983 -0.33677 -0.85248 -5.6671 0.57015 -0.63685 0.519 154.18
-0.71476 -0.66374 -0.22039 72.864 0.48798 -0.24756 -0.83701 -5.6868 0.501 -0.70581 0.50084 155.08
-0.61369 -0.70064 -0.36398 72.926 0.55568 -0.055789 -0.82952 -5.7013 0.56089 -0.71133 0.42357 155.96
-0.36574 -0.79728 -0.48019 72.952 0.50618 0.26256 -0.82149 -5.7063 0.78103 -0.54352 0.30754 156.81
-0.19763 -0.8226 -0.53317 72.981 0.35349 0.4475 -0.82145 -5.7343 0.91432 -0.35082 0.20234 157.66
-0.12556 -0.82265 -0.5545 73.004 0.20054 0.52634 -0.82629 -5.7792 0.97161 -0.21495 0.098886 158.47
-0.10952 -0.82472 -0.55484 73.021 0.09077 0.54757 -0.83183 -5.8367 0.98983 -0.14146 0.014893 159.25
-0.15646 -0.82754 -0.53916 73.039 0.088179 0.532 -0.84214 -5.9125 0.98374 -0.17931 -0.010267 160.05
-0.14078 -0.83973 -0.52444 73.051 0.053304 0.52252 -0.85096 -5.9932 0.9886 -0.14775 -0.0288 160.84
-0.30549 -0.80638 -0.50638 73.066 0.1886 0.47003 -0.86227 -6.0795 0.93333 -0.35892 0.0084906 161.66
-0.39076 -0.77693 -0.49365 73.086 0.25829 0.4222 -0.86893 -6.1603 0.88351 -0.46704 0.035694 162.47
-0.45863 -0.74275 -0.48784 73.114 0.31277 0.37893 -0.87097 -6.2243 0.83177 -0.55203 0.058519 163.27
-0.61958 -0.61313 -0.49009 73.151 0.4307 0.25642 -0.8653 -6.2692 0.65621 -0.74721 0.10521 164.12
-0.67265 -0.54519 -0.50031 73.183 0.47628 0.19845 -0.85661 -6.3005 0.5663 -0.81448 0.12618 164.96
-0.72607 -0.45415 -0.5163 73.196 0.50801 0.15174 -0.84788 -6.3254 0.46341 -0.87791 0.12054 165.8
-0.80262 -0.27494 -0.52935 73.202 0.53971 0.043165 -0.84075 -6.3465 0.254 -0.96049 0.11374 166.66
-0.82717 0.16919 -0.53589 73.222 0.50948 -0.17661 -0.84216 -6.3618 -0.23712 -0.96963 0.059885 167.51
-0.52035 0.67293 -0.52574 73.257 0.36664 -0.37997 -0.84923 -6.3689 -0.77124 -0.63465 -0.049008 168.34
-0.22067 0.84209 -0.49213 73.267 0.3183 -0.41477 -0.85244 -6.3506 -0.92195 -0.34475 -0.17651 169.18
-0.067616 0.90616 -0.4175 73.264 0.38362 -0.36267 -0.8493 -6.3009 -0.92101 -0.21758 -0.3231 169.98
0.24798 0.92233 -0.29632 73.275 0.36524 -0.37232 -0.85322 -6.2505 -0.89728 0.10335 -0.4292 170.8
0.60318 0.78713 -0.12886 73.296 0.34283 -0.40173 -0.84916 -6.2 -0.72017 0.46802 -0.51217 171.61
0.79931 0.5988 0.050337 73.325 0.35928 -0.40908 -0.83879 -6.1551 -0.48168 0.68854 -0.54212 172.39
0.84647 0.49365 0.19951 73.354 0.40172 -0.34618 -0.84781 -6.1243 -0.34945 0.79779 -0.49134 173.2
0.85024 0.42697 0.30788 73.375 0.44195 -0.26124 -0.85816 -6.0962 -0.28598 0.8657 -0.41082 174.01
0.79184 0.48003 0.37757 73.392 0.47852 -0.10351 -0.87195 -6.062 -0.37949 0.87112 -0.31167 174.81
0.56511 0.70889 0.42205 73.424 0.40118 0.21089 -0.89139 -6.0161 -0.7209 0.67305 -0.16521 175.66
0.40019 0.81759 0.414 73.417 0.22386 0.35086 -0.90928 -6.003 -0.88867 0.45656 -0.042617 176.52
0.11729 0.91153 0.39415 73.403 -0.043465 0.40122 -0.91495 -6.0105 -0.99215 0.090186 0.086681 177.43
0.01611 0.93773 0.34699 73.349 -0.14 0.34573 -0.92783 -6.0603 -0.99002 -0.033633 0.13686 178.31
0.14081 0.93914 0.31335 73.295 -0.084727 0.32678 -0.9413 -6.1228 -0.9864 0.106 0.12559 179.18
0.22726 0.92711 0.29804 73.244 -0.055617 0.3179 -0.94649 -6.1812 -0.97225 0.19852 0.12381 180.08
0.43824 0.84555 0.30493 73.204 0.064335 0.30887 -0.94893 -6.2351 -0.89655 0.43548 0.080962 180.96
0.6374 0.6974 0.32766 73.168 0.20369 0.2576 -0.94454 -6.2801 -0.74312 0.66879 0.022142 181.81
0.77383 0.52141 0.35961 73.133 0.30138 0.19624 -0.93309 -6.3211 -0.55709 0.83044 -0.0052835 182.67
0.86471 0.30749 0.39716 73.114 0.38731 0.095276 -0.91701 -6.3626 -0.31981 0.94677 -0.036706 183.51
0.89001 0.17427 0.42131 73.101 0.41857 0.054048 -0.90657 -6.4092 -0.18076 0.98321 -0.024841 184.36
0.90128 0.033152 0.43197 73.088 0.43218 0.00067701 -0.90179 -6.4591 -0.030188 0.99945 -0.013718 185.19
0.89511 -0.11167 0.43163 73.071 0.42913 -0.04683 -0.90203 -6.5031 0.12095 0.99264 0.0060049 186
0.8957 -0.13777 0.42278 73.055 0.42787 0.0082967 -0.9038 -6.5269 0.12101 0.99043 0.066382 186.84
0.89863 -0.18392 0.3983 73.034 0.41275 0.046771 -0.90964 -6.5408 0.14867 0.98183 0.11794 187.67
0.8954 -0.26608 0.35701 73.005 0.38743 0.070423 -0.91921 -6.5578 0.21944 0.96137 0.16614 188.5
0.90925 -0.2857 0.30273 72.968 0.35482 0.15168 -0.92255 -6.5722 0.21765 0.94624 0.23929 189.36
0.89992 -0.36365 0.24061 72.916 0.3237 0.18742 -0.92741 -6.5897 0.29216 0.91248 0.28638 190.2
0.87507 -0.4484 0.18216 72.856 0.30003 0.20723 -0.93115 -6.6062 0.37978 0.86948 0.31588 191.02
0.86533 -0.48368 0.13137 72.792 0.28376 0.25673 -0.92389 -6.6162 0.41313 0.83675 0.35941 191.88
0.85311 -0.51426 0.087951 72.725 0.26423 0.28051 -0.92277 -6.6309 0.44987 0.81046 0.37519 192.72
0.83534 -0.54705 0.054207 72.658 0.25966 0.30573 -0.91603 -6.6391 0.48454 0.77927 0.39744 193.57
0.77801 -0.62776 0.024844 72.592 0.26477 0.29177 -0.91911 -6.6555 0.56973 0.72166 0.39321 194.39
0.6683 -0.74388 0.0027201 72.536 0.26403 0.23378 -0.93576 -6.6857 0.69546 0.62609 0.35264 195.16
0.55769 -0.82993 -0.014 72.489 0.23862 0.17646 -0.95495 -6.7208 0.79501 0.52923 0.29645 195.9
0.45172 -0.89167 -0.029569 72.45 0.20122 0.13411 -0.97032 -6.7551 0.86917 0.43236 0.24 196.6
0.31293 -0.9485 -0.049264 72.417 0.16841 0.10646 -0.97995 -6.7856 0.93472 0.29836 0.19305 197.3
0.094474 -0.99245 -0.078207 72.389 0.15071 0.09191 -0.9843 -6.8104 0.98405 0.081205 0.15825 197.98
-0.21485 -0.96956 -0.11745 72.36 0.15536 0.084797 -0.98421 -6.8289 0.96421 -0.22971 0.13241 198.67
-0.53671 -0.82815 -0.16156 72.328 0.18334 0.072439 -0.98038 -6.8406 0.82361 -0.5558 0.11296 199.37
-0.76547 -0.60991 -0.20511 72.291 0.22328 0.0472 -0.97361 -6.8456 0.6035 -0.79106 0.10005 200.08
-0.89242 -0.37821 -0.24604 72.248 0.26041 0.013563 -0.9654 -6.8452 0.36847 -0.92562 0.086386 200.8
-0.95102 -0.13178 -0.27962 72.197 0.28509 -0.02432 -0.95819 -6.8411 0.11947 -0.99098 0.0607 201.53
-0.94382 0.14051 -0.29911 72.141 0.29289 -0.063544 -0.95403 -6.8351 -0.15306 -0.98804 0.018821 202.27
-0.85846 0.41576 -0.30032 72.081 0.28678 -0.096339 -0.95314 -6.8279 -0.42521 -0.90436 -0.036529 203
-0.70644 0.64903 -0.28231 72.017 0.27764 -0.11277 -0.95404 -6.8192 -0.65104 -0.75235 -0.10053 203.72
-0.52708 0.81379 -0.24481 71.953 0.27633 -0.1083 -0.95494 -6.8087 -0.80363 -0.57098 -0.1678 204.43
-0.3555 0.91565 -0.18764 71.89 0.28508 -0.084963 -0.95473 -6.7964 -0.89014 -0.3929 -0.23083 205.14
-0.20572 0.97205 -0.11315 71.833 0.29891 -0.047682 -0.95309 -6.7837 -0.93184 -0.22989 -0.28074 205.83
-0.097207 0.99512 -0.017168 71.794 0.35948 0.01902 -0.93296 -6.7591 -0.92807 -0.096862 -0.35958 206.44
0.11102 0.98954 0.092121 71.78 0.38453 0.042703 -0.92213 -6.7523 -0.91641 0.1378 -0.37576 207.08
0.30981 0.93064 0.19476 71.781 0.41942 0.050063 -0.90641 -6.7492 -0.85329 0.3625 -0.37481 207.7
0.43197 0.85777 0.27863 71.793 0.45189 0.061514 -0.88995 -6.7449 -0.78051 0.51034 -0.36104 208.29
0.38947 0.85278 0.34798 71.819 0.44763 0.15494 -0.88069 -6.7422 -0.80495 0.49877 -0.32138 208.91
0.45293 0.80128 0.39089 71.845 0.43814 0.18179 -0.88033 -6.7457 -0.77645 0.57 -0.26873 209.52
0.6615 0.62759 0.41055 71.867 0.44317 0.1145 -0.88909 -6.7621 -0.605 0.77008 -0.20239 210.13
0.90709 0.12584 0.40169 71.875 0.4111 -0.059716 -0.90963 -6.7976 -0.090477 0.99025 -0.1059 210.77
0.84662 -0.35605 0.39556 71.9 0.35214 -0.18252 -0.91798 -6.8262 0.39904 0.91647 -0.029145 211.4
0.71137 -0.58382 0.39128 71.939 0.34404 -0.19619 -0.91823 -6.8369 0.61285 0.78782 0.061299 212.06
0.49387 -0.79084 0.36148 71.979 0.30739 -0.23009 -0.92335 -6.8437 0.81339 0.56713 0.12946 212.71
0.17413 -0.93501 0.30893 72.023 0.24912 -0.26169 -0.93245 -6.8532 0.95269 0.23933 0.18736 213.35
-0.14249 -0.96249 0.2309 72.068 0.23541 -0.25954 -0.9366 -6.8605 0.96139 -0.079104 0.26356 214.03
-0.50818 -0.85037 0.13649 72.104 0.19653 -0.2688 -0.94293 -6.8765 0.83853 -0.45236 0.30372 214.71
-0.75155 -0.65914 0.026625 72.122 0.189 -0.25382 -0.94861 -6.8972 0.63203 -0.70789 0.31533 215.39
-0.87348 -0.47937 -0.085082 72.127 0.22411 -0.24075 -0.94436 -6.915 0.43221 -0.84395 0.31772 216.12
-0.97364 -0.14134 -0.17902 72.134 0.20992 -0.24826 -0.94568 -6.9321 0.089221 -0.95833 0.27138 216.83
-0.95882 0.11415 -0.26008 72.122 0.22811 -0.23606 -0.94459 -6.9326 -0.16922 -0.96501 0.20029 217.54
-0.92986 0.18591 -0.3175 72.087 0.28172 -0.19527 -0.93942 -6.9248 -0.23664 -0.96297 0.1292 218.27
-0.90942 0.24793 -0.33391 72.054 0.31656 -0.10805 -0.9424 -6.9225 -0.26972 -0.96273 0.019776 218.96
-0.89322 0.33028 -0.3051 72.034 0.31325 -0.029678 -0.94921 -6.9361 -0.32256 -0.94342 -0.07695 219.65
-0.8954 0.36708 -0.252 72.017 0.29926 0.077053 -0.95106 -6.9644 -0.3297 -0.92699 -0.17884 220.32
-0.95096 0.24638 -0.18702 72.002 0.24312 0.22153 -0.94436 -6.9993 -0.19124 -0.94352 -0.27056 220.96
-0.99276 0.030051 -0.11628 72.006 0.11985 0.31106 -0.9428 -7.0484 0.0078391 -0.94991 -0.31241 221.62
-0.99745 -0.024077 -0.067191 72.017 0.055368 0.33304 -0.94129 -7.1005 0.04504 -0.94261 -0.33086 222.28
-0.99915 -0.02212 -0.034794 72.034 0.025066 0.34412 -0.93859 -7.1542 0.032735 -0.93867 -0.34327 222.93
-0.97884 0.20252 -0.029162 72.048 0.092469 0.31071 -0.946 -7.2231 -0.18252 -0.92868 -0.32287 223.61
-0.94876 0.31494 -0.02577 72.061 0.12477 0.29845 -0.94623 -7.29 -0.29031 -0.90097 -0.32246 224.27
-0.8274 0.56023 -0.039363 72.064 0.20473 0.23562 -0.95004 -7.3595 -0.52297 -0.79412 -0.30965 224.95
-0.74366 0.66726 -0.041685 72.065 0.24045 0.20877 -0.94794 -7.4197 -0.62382 -0.71497 -0.3157 225.62
-0.68727 0.7254 -0.038209 72.058 0.26276 0.19922 -0.94407 -7.4666 -0.67722 -0.65887 -0.32752 226.28
-0.59668 0.802 -0.027555 72.047 0.27422 0.1715 -0.94625 -7.5062 -0.75417 -0.57217 -0.32226 226.96
-0.56658 0.82396 -0.0086114 72.033 0.27233 0.17738 -0.94571 -7.5332 -0.7777 -0.53817 -0.32489 227.62
-0.56479 0.82506 0.017013 72.019 0.26195 0.19879 -0.94439 -7.5552 -0.78256 -0.52892 -0.32839 228.27
-0.54207 0.83889 0.049237 72.008 0.23318 0.20644 -0.95027 -7.5836 -0.80734 -0.50363 -0.30751 228.93
-0.5525 0.82952 0.081488 71.999 0.20083 0.22737 -0.95288 -7.614 -0.80895 -0.5101 -0.29221 229.58
-0.58781 0.80107 0.11304 71.999 0.14588 0.24239 -0.95915 -7.6451 -0.79574 -0.5473 -0.25934 230.24
